0.007338468451052904 2.8444230556488037 2.7933733463287354
0.005618050694465637 2.089646816253662 2.053973436355591
0.004587147384881973 0.8702316284179688 0.8550547361373901
0.0034333590883761644 0.524575412273407 0.5340932011604309
0.0033848846796900034 0.23044410347938538 0.2181970328092575
0.5419242792636332 0.5297672803056617 0.5363667940257034
0.005076291039586067 0.10029658675193787 0.09712017327547073
0.002881282474845648 0.15984082221984863 0.1553277224302292
0.0026348342653363943 0.07285518944263458 0.07888857275247574
0.0023975789081305265 0.02748677507042885 0.02408643811941147
0.002597218379378319 0.05922934040427208 0.057183243334293365
0.8047238624522404 0.802848211184439 0.8038902396665509
0.0015640403144061565 0.1538262963294983 0.15603335201740265
0.0016795292031019926 0.04947984218597412 0.04374775290489197
0.0016978401690721512 0.02118918113410473 0.01970863528549671
0.0014706907095387578 0.042157117277383804 0.040265608578920364
0.0022960305213928223 0.044592320919036865 0.04437292739748955
0.849183744355679 0.8488364015283084 0.8501563042723168
0.0025292227510362864 0.009884738363325596 0.010590477846562862
0.002395595656707883 0.13951846957206726 0.12900933623313904
0.0015799276297912002 0.013937883079051971 0.01294594258069992
0.001449023955501616 0.018194617703557014 0.017861662432551384
0.0022684389259666204 0.01640516147017479 0.016843415796756744
0.8182007641542202 0.8199374782910733 0.8195901354637026
0.00334085407666862 0.0420113243162632 0.04616725817322731
0.0008813362801447511 0.006983918137848377 0.0060267639346420765
0.0013177572982385755 0.006023189052939415 0.00642504682764411
0.0008151414222083986 0.004979033954441547 0.004913998302072287
0.0012156660668551922 0.00932017620652914 0.008613633923232555
0.8691906912122265 0.8665508857242098 0.8680791941646405
0.0008409246220253408 0.16235797107219696 0.160001739859581
0.0012676245532929897 0.011948421597480774 0.011635646224021912
0.0011901386315003037 0.00754994573071599 0.009591715410351753
0.0006105335778556764 0.005581044126302004 0.005135455168783665
0.0010272968793287873 0.010489207692444324 0.00981612503528595
0.8295241403265022 0.8206321639458145 0.826606460576589
0.0027839667163789272 0.012828648090362549 0.013346393592655659
0.0018406567396596074 0.015576191246509552 0.014865613542497158
0.0016786162741482258 0.01353959646075964 0.015615959651768208
0.0016173111507669091 0.006655379664152861 0.006812135688960552
0.0005374414031393826 0.004383825231343508 0.004023808985948563
0.8537686696769712 0.8536297325460229 0.8546717610281348
0.001529131317511201 0.005851995199918747 0.005431022960692644
0.0007687699398957193 0.00863169226795435 0.009206779301166534
0.0015675872564315796 0.0030133563559502363 0.0038355342112481594
0.0015352802583947778 0.0071698944084346294 0.006496761459857225
0.001374179613776505 0.014020239934325218 0.011080611497163773
0.8388329281000347 0.8336227856894756 0.8375824939215005
0.0021583945490419865 0.008282811380922794 0.009447447955608368
0.0030988319776952267 0.010174726136028767 0.01087464950978756
0.0011581633007153869 0.01949368417263031 0.018266627565026283
0.0018052294617518783 0.012064896523952484 0.011498430743813515
0.0023552016355097294 0.00933476909995079 0.009945977479219437
0.8472386245224036 0.8437651962486975 0.8466134074331365
0.002784977899864316 0.01866552047431469 0.02045815996825695
0.0014372358564287424 0.006198018789291382 0.005437436513602734
0.0012735287891700864 0.003282001707702875 0.0035565264988690615
0.00048276761663146317 0.0027404874563217163 0.002796330489218235
0.0005737281171604991 0.0014798003248870373 0.0013490794226527214
0.9156651615144147 0.9160819729072595 0.9158040986453629
0.000512404483743012 0.0011994352098554373 0.0011168562341481447
0.00017510601901449263 0.001321876305155456 0.0014310857513919473
0.0001561296230647713 0.0008528009057044983 0.0009369555627927184
0.0014418538194149733 0.011509792879223824 0.012022159062325954
0.001226559397764504 0.0029674102552235126 0.003087533637881279
0.911288641889545 0.9124696075026051 0.911913858978812
0.0016422452172264457 0.001663158880546689 0.0016712865326553583
0.0012246504193171859 0.004961702041327953 0.004734356421977282
0.0006217142217792571 0.0009904727339744568 0.001200826489366591
0.0007377152796834707 0.002598983235657215 0.003254084149375558
0.0009561525075696409 0.008474078960716724 0.00794992409646511
0.903994442514762 0.9071899965265717 0.9070510593956235
0.002165017183870077 0.00843319483101368 0.00909953098744154
0.0016681114211678505 0.003976256120949984 0.004126759245991707
0.0007938440539874136 0.004645716864615679 0.00408855639398098
0.00028110630228184164 0.0019933811854571104 0.0016917111352086067
0.0005436648498289287 0.00681981910020113 0.007693137042224407
0.9097603334491142 0.9139979159430358 0.9124001389371309
0.0015651271678507328 0.004070227034389973 0.003915263339877129
0.00079851079499349 0.00264274631626904 0.0024324997793883085
0.0005217128782533109 0.0022816972341388464 0.0024034185335040092
0.0010496292961761355 0.0033164089545607567 0.003475605044513941
0.0008110976195894182 0.0036526655312627554 0.004243148490786552
0.8806530045154568 0.8792636332059743 0.8809308787773532
0.0014525261940434575 0.016197027638554573 0.01321467012166977
0.0012902742018923163 0.0017907447181642056 0.002215673914179206
0.00046655666665174067 0.0038033544551581144 0.003926899284124374
0.0008144674357026815 0.00187956471927464 0.0017169133061543107
0.00034518740721978247 0.0013859199825674295 0.0014366460964083672
0.9114970475859674 0.9114970475859674 0.9117749218478638
0.00041083828546106815 0.0022806187625974417 0.0024816214572638273
0.00010617166117299348 0.0010607847943902016 0.0011832119198516011
0.001503693056292832 0.00476504722610116 0.005111828912049532
0.0007352508837357163 0.001769471913576126 0.001834382303059101
0.00014220988668967038 0.000861632521264255 0.0009524995111860335
0.9171934699548454 0.9169155956929489 0.9171240013893713
0.00013530449359677732 0.0006237732595764101 0.0006181243225000799
0.0004427177191246301 0.0013387248618528247 0.0012785900617018342
0.000554958707652986 0.001778745325282216 0.001738668535836041
0.0008685947977937758 0.005244486965239048 0.005083873867988586
0.0005661495961248875 0.006937575060874224 0.007136207539588213
0.9134421674192428 0.9137200416811393 0.9137200416811393
0.0005126696196384728 0.003555373288691044 0.004489785060286522
0.0006393213989213109 0.0009609279222786427 0.00119086226914078
0.0006984838983044028 0.003492928808555007 0.0036754601169377565
0.0007774513214826584 0.004855345468968153 0.0043320306576788425
0.00024162036424968392 0.002053462667390704 0.0021616287995129824
0.9301840916985065 0.9303230288294547 0.9303924973949288
0.0002408061845926568 0.00251308036968112 0.0028001894243061543
0.00024668293190188706 0.0011916838120669127 0.0011952484492212534
0.00019871229596901685 0.0018252109875902534 0.0021575058344751596
0.0011018861550837755 0.0032568895258009434 0.0032299065496772528
0.00033265945967286825 0.0018068093340843916 0.0017638327553868294
0.9155956929489406 0.9069815908301494 0.9124696075026051
0.0013272326905280352 0.001724185305647552 0.0015739592490717769
0.0012905782787129283 0.002966479863971472 0.0028379722498357296
0.0012343962443992496 0.002732052467763424 0.002574669662863016
0.00014375352475326508 0.0018883232260122895 0.0020173911470919847
0.0005388248828239739 0.0028849097434431314 0.0028558000922203064
0.9096908648836401 0.9103855505383813 0.9101076762764849
0.0003162790962960571 0.0015689991414546967 0.0015504502225667238
0.0001441698259441182 0.002873706165701151 0.0028705145232379436
0.0002510103222448379 0.0017088960157707334 0.0016404889756813645
9.756341023603454e-05 0.0021881605498492718 0.002313628327101469
0.00015775018255226314 0.0036359019577503204 0.003934778738766909
0.9184439041333796 0.918096561306009 0.9183049670024314
0.0003277793002780527 0.0017724112840369344 0.0017952481284737587
0.0005584304453805089 0.00200283108279109 0.0017615538090467453
9.904304897645488e-05 0.000947488471865654 0.0010254454100504518
0.0001729356445139274 0.0015411220956593752 0.0014102261047810316
0.00017426758131477982 0.0021432130597531796 0.0021397427190095186
0.9178186870441125 0.9169155956929489 0.9174713442167419
0.0004123543621972203 0.0019029835239052773 0.0019525238312780857
0.00023082364350557327 0.0019996033515781164 0.001915928442031145
0.0009104686323553324 0.0013273443328216672 0.001410026801750064
0.00016241536650341004 0.0016816365532577038 0.0017898441292345524
8.552887447876856e-05 0.0012162072816863656 0.001341764465905726
0.9144841959013547 0.9144841959013547 0.9144841959013547
0.0007970658480189741 0.00100590696092695 0.001111991354264319
0.0008006676798686385 0.0015671617584303021 0.0019037312595173717
0.00025906035443767905 0.003332198830321431 0.0031490905676037073
0.0017967253224924207 0.0022886134684085846 0.0023330170661211014
0.00025665704743005335 0.001966410083696246 0.0022233424242585897
0.9181660298714831 0.9174018756512679 0.9178186870441125
0.0003734032216016203 0.0025934712029993534 0.0026142343413084745
0.0002913435164373368 0.001252866117283702 0.0014392706798389554
0.0006481910822913051 0.002037901198491454 0.0024576212745159864
0.00038174865767359734 0.0011147549375891685 0.0012058428255841136
0.0011148840421810746 0.0011658240109682083 0.0011145747266709805
0.917540812782216 0.9171934699548454 0.9173324070857937
0.0001503828534623608 0.001776960794813931 0.0014223229372873902
0.00023884829715825617 0.0010264958254992962 0.00101019989233464
0.0004967679269611835 0.0011133027728646994 0.0011304971994832158
0.001128820120356977 0.0012226901017129421 0.0011952972272410989
0.0007076518959365785 0.001185585861094296 0.0014630582882091403
0.9240013893713095 0.9238624522403612 0.9239319208058353
0.00023798820620868355 0.002457662718370557 0.00230244267731905
0.000593566510360688 0.0010272375075146556 0.00101064657792449
3.976135849370621e-05 0.001981480745598674 0.002164618344977498
0.0012630397686734796 0.0015054078539833426 0.0015027832705527544
0.0007864678627811372 0.0037271587643772364 0.0037734583020210266
0.9178186870441125 0.9178881556095867 0.9179576241750608
0.0003636463370639831 0.0013989850413054228 0.0013992624590173364
0.0002688800741452724 0.0013780695153400302 0.001457834616303444
0.0007480192580260336 0.0007874611765146255 0.0007922863587737083
0.0001166410293080844 0.0008667113725095987 0.0008682043990120292
0.0010883848881348968 0.0020803899969905615 0.0021750174928456545
0.9224730809308788 0.922542549496353 0.9224036123654047
0.0015335619682446122 0.005805684719234705 0.005468436516821384
0.0007087638368830085 0.002205158583819866 0.002020873362198472
0.0005945665761828423 0.0011916477233171463 0.0012881886214017868
0.0005852548056282103 0.0013321301667019725 0.0013447682140395045
0.0017625539330765605 0.0016242533456534147 0.001539213233627379
0.9324070857936784 0.9323376172282042 0.9324765543591524
0.00067913654493168 0.0014716327423229814 0.001532450201921165
0.0006394882220774889 0.001967748161405325 0.001925047836266458
0.00044356955913826823 0.0017532053170725703 0.0018012424698099494
0.00016619119560346007 0.0020629246719181538 0.0019418834708631039
0.0028555896133184433 0.0019362616585567594 0.0019472945714369416
0.925390760680792 0.9249739492879472 0.9251128864188954
