0.011751496233046055 2.588754892349243 2.6918575763702393
0.004771012347191572 1.516072392463684 1.525146484375
0.004905026406049728 1.1313848495483398 1.1103696823120117
0.004196712281554937 0.509743869304657 0.5016880631446838
0.003938726149499416 0.2918587923049927 0.2992148697376251
acc1:0.6184091698506425 acc2:0.6129211531781869 acc:0.616950329975686
0.003218957455828786 0.18596665561199188 0.2121511995792389
0.0023080443497747183 0.12406650930643082 0.12086687237024307
0.002118595875799656 0.03661268949508667 0.036569371819496155
0.0024734269827604294 0.054771244525909424 0.05879754573106766
0.0018839336698874831 0.04543545842170715 0.04377451911568642
acc1:0.7943035776311219 acc2:0.7924279263633206 acc:0.7938172976728031
0.002217793371528387 0.03669004142284393 0.03541918843984604
0.002150570275261998 0.03199940174818039 0.036157943308353424
0.0023995188530534506 0.02968808263540268 0.030784007161855698
0.002277903025969863 0.036466315388679504 0.04042484611272812
0.0029192541260272264 0.015806978568434715 0.017705054953694344
acc1:0.8241750607849948 acc2:0.8301493574157693 acc:0.8276484890587009
0.0019360830774530768 0.015414378605782986 0.013624770566821098
0.0015746859135106206 0.018885714933276176 0.018972696736454964
0.00264670979231596 0.01437534298747778 0.015053140930831432
0.0033082114532589912 0.022408397868275642 0.02418620139360428
0.002988537074998021 0.02166762389242649 0.018912212923169136
acc1:0.8232719694338312 acc2:0.8222299409517193 acc:0.8226467523445641
0.0020270084496587515 0.049906451255083084 0.04309137165546417
0.0010918783955276012 0.007903643883764744 0.007225723471492529
0.0009081813041120768 0.0037152136210352182 0.004194003529846668
0.0020402311347424984 0.013096907176077366 0.012670747004449368
0.0014318692265078425 0.009563347324728966 0.009648249484598637
acc1:0.8156304272316777 acc2:0.809586662035429 acc:0.8125043417853421
0.0018178739119321108 0.006534024607390165 0.006162974052131176
0.0010356048587709665 0.004779377486556768 0.005019406322389841
0.001591128995642066 0.006939378567039967 0.00898853037506342
0.0025559798814356327 0.022627446800470352 0.021384229883551598
0.0010141886305063963 0.0033362465910613537 0.0029933780897408724
acc1:0.8245918721778396 acc2:0.8200069468565474 acc:0.8238971865230983
0.0020622089505195618 0.01455221138894558 0.01615503430366516
0.000710765365511179 0.002555296989157796 0.0028205611743032932
0.002304784022271633 0.01269451342523098 0.013121833093464375
0.0020019318908452988 0.005364842712879181 0.005394750740379095
0.000661195139400661 0.020303666591644287 0.01748596876859665
acc1:0.8972559916637721 acc2:0.8934352205626954 acc:0.8959360889197638
0.0015911906957626343 0.004598920699208975 0.0033216779120266438
0.001133700250647962 0.0015231568831950426 0.0015162952477112412
0.0010827258229255676 0.008491748943924904 0.0070824152790009975
0.002311775926500559 0.012503360398113728 0.01305212639272213
0.001003282843157649 0.011410060338675976 0.013122214935719967
acc1:0.8882250781521361 acc2:0.8825286557832581 acc:0.8866273011462313
0.0009488592622801661 0.0031224703416228294 0.0029531684704124928
0.0013400561874732375 0.0011896518990397453 0.0011236355639994144
0.002535042120143771 0.02056584320962429 0.021376319229602814
0.002325257286429405 0.0123002203181386 0.013651280663907528
0.002601722488179803 0.008570865727961063 0.007106864359229803
acc1:0.8870441125390761 acc2:0.8862104897533866 acc:0.8869051754081279
0.0016577723436057568 0.006831720937043428 0.007186845876276493
0.0004320608277339488 0.0025163106620311737 0.002489042468369007
0.0008947619935497642 0.00722671952098608 0.007514112628996372
0.0009038277785293758 0.001630251295864582 0.0018130956450477242
0.0007404523785226047 0.0035888163838535547 0.0029234245885163546
acc1:0.9041333796457103 acc2:0.9015630427231678 acc:0.9031608197290726
0.0009207240073010325 0.002296796068549156 0.0019711374770849943
0.0003815014788415283 0.0026643644087016582 0.0029545098077505827
0.0017688254592940211 0.0012850494822487235 0.0011898502707481384
0.0006642663502134383 0.004051457159221172 0.0036890630144625902
0.0005238975281827152 0.002417741110548377 0.002721887780353427
acc1:0.8885029524140327 acc2:0.8832928100034735 acc:0.8857242097950677
0.0007605872233398259 0.009607864543795586 0.009344515390694141
0.0018868212355300784 0.005278157070279121 0.004682022146880627
0.0010449910769239068 0.0019267613533884287 0.0020141731947660446
0.000514332961756736 0.0026016912888735533 0.0024935463443398476
0.0009455606341362 0.0021477232221513987 0.002040158025920391
acc1:0.9034386939909691 acc2:0.9007294199374782 acc:0.9031608197290726
0.0010609495220705867 0.0019162176176905632 0.0023311141412705183
0.0007783729233779013 0.005932011641561985 0.005773092620074749
0.00037933787098154426 0.0011367604602128267 0.000969397253356874
0.0005490662879310548 0.004124116152524948 0.003971547819674015
0.001213380484841764 0.014849270693957806 0.013190283440053463
acc1:0.9151788815560958 acc2:0.9058006252170893 acc:0.9102466134074332
0.0009627295075915754 0.004503587726503611 0.004148387350142002
0.001088039600290358 0.003803502069786191 0.0036571528762578964
0.0005097897374071181 0.0028146461118012667 0.0029237628914415836
0.0019901497289538383 0.007725991774350405 0.008084549568593502
0.0011633241083472967 0.003007040824741125 0.002878042170777917
acc1:0.9014935741576936 acc2:0.8962139631816602 acc:0.8989927058006252
0.001344953547231853 0.002934969263151288 0.002686410443857312
0.0008986986940726638 0.0015115494607016444 0.0016710666241124272
0.00047053376329131424 0.0024719189386814833 0.00283983675763011
0.00029061269015073776 0.003305330639705062 0.0028539334889501333
0.0004840709734708071 0.002687346888706088 0.002364551182836294
acc1:0.9111497047585967 acc2:0.9096213963181661 acc:0.910732893365752
0.0006192674045450985 0.01735880970954895 0.019566476345062256
0.00034209873410873115 0.0013961028307676315 0.0014267901424318552
0.0006888057687319815 0.0012414499651640654 0.0013424347853288054
0.000350157730281353 0.001290354528464377 0.0012660427019000053
0.00027293458697386086 0.0017317745368927717 0.001824024016968906
acc1:0.9351163598471691 acc2:0.9349774227162209 acc:0.9348384855852727
0.00024555172421969473 0.0012701275991275907 0.0013407656224444509
0.00044240226270630956 0.0030291059520095587 0.0033445958979427814
0.0004659114347305149 0.0017995035741478205 0.0014562085270881653
0.00011756075400626287 0.001550613553263247 0.001613684813492
0.00016455669538117945 0.0013968306593596935 0.0015330177266150713
acc1:0.9324070857936784 acc2:0.9315039944425147 acc:0.932198680097256
0.0007600121898576617 0.0007154454942792654 0.0006282592075876892
0.0004900377825833857 0.0024800668470561504 0.002400971483439207
0.0005498220562003553 0.0006279119988903403 0.0006015446851961315
0.00030685021192766726 0.001074748346582055 0.0010053839068859816
0.0001365105272270739 0.0007245918968692422 0.0006893663085065782
acc1:0.9402570336922542 acc2:0.9397707537339354 acc:0.9397707537339354
0.001710954587906599 0.0007672388455830514 0.0006995914736762643
0.000599838444031775 0.004142452031373978 0.004849708639085293
0.0004337718419265002 0.003083893796429038 0.0030530192889273167
0.00040255722706206143 0.002233162522315979 0.002249482087790966
0.00044958258513361216 0.005697162356227636 0.005549578461796045
acc1:0.9274053490795415 acc2:0.9196943383119138 acc:0.9242097950677318
0.001286987797357142 0.002310805954039097 0.002294936217367649
0.0005578838172368705 0.0012948208022862673 0.0013001052429899573
0.0005801194929517806 0.0010491926223039627 0.0009318663505837321
0.00016795027477201074 0.0021051736548542976 0.002474643988534808
0.00048692343989387155 0.0011354123707860708 0.001972402911633253
acc1:0.935046891281695 acc2:0.9335185828412643 acc:0.9342132684960056
0.0006098365411162376 0.0009335443610325456 0.0008979009580798447
0.0009692450403235853 0.0017916739452630281 0.0017552828649058938
9.295277413912117e-05 0.002553320722654462 0.0024502237793058157
0.0004116383206564933 0.001854913542047143 0.0015069750370457768
0.0007324123289436102 0.0016603156691417098 0.0017262386390939355
acc1:0.93900659951372 acc2:0.9384508509899271 acc:0.9387981938172977
0.00023124265135265887 0.0014398947823792696 0.0013318534474819899
0.0005651037790812552 0.0009419210837222636 0.000926100998185575
5.3621235565515235e-05 0.0015495112165808678 0.0014429569710046053
0.00032720563467592 0.001953105442225933 0.0017847621347755194
0.0006151955458335578 0.0016800783341750503 0.0014259597519412637
acc1:0.9367836054185481 acc2:0.9359499826328587 acc:0.9365057311566516
0.000189884944120422 0.0012022147420793772 0.0012050849618390203
0.00030441960552707314 0.0009140808833763003 0.0008957983227446675
6.87308784108609e-05 0.00141773815266788 0.0013440713519230485
0.00019244567374698818 0.0009091070969589055 0.0008661671308800578
0.0002452596090734005 0.001880501746200025 0.0016671564662829041
acc1:0.9379645710316082 acc2:0.9373393539423411 acc:0.9377561653351858
0.0003998057509306818 0.0015027394983917475 0.001572636654600501
0.00019786795019172132 0.0010513326851651073 0.0010028949473053217
0.0001731950178509578 0.0017612408846616745 0.0018078353023156524
0.00021034240489825606 0.0016208558809012175 0.0016115903854370117
0.0007818466401658952 0.0030680056661367416 0.0025298139080405235
acc1:0.9402570336922542 acc2:0.9397707537339354 acc:0.9403959708232025
0.0001869338157121092 0.004299201536923647 0.0041032107546925545
0.00039122250746004283 0.0014747154200449586 0.0013871246483176947
0.00020490109454840422 0.0021325796842575073 0.0019631993491202593
0.00013678634422831237 0.0012518612202256918 0.001478181453421712
9.925744961947203e-05 0.001230468857102096 0.001269750646315515
acc1:0.9411601250434178 acc2:0.9411601250434178 acc:0.9411601250434178
5.0104641559300944e-05 0.0007955145556479692 0.00078836630564183
6.612708239117637e-05 0.0012964034685865045 0.0011991754872724414
0.00020718865562230349 0.002012757584452629 0.0017585811438038945
0.00012933452671859413 0.0019602468237280846 0.0018939084839075804
0.00011661339522106573 0.0017705215141177177 0.0015927888453006744
acc1:0.9417853421326849 acc2:0.9415074678707884 acc:0.9416464050017367
3.056563582504168e-05 0.0007885987288318574 0.0007211463525891304
0.0002754007000476122 0.0014660860178992152 0.0014612249797210097
0.00012395995145197958 0.001136685605160892 0.0011590456124395132
0.0004322155728004873 0.002235027030110359 0.0022096538450568914
7.76721935835667e-05 0.0011914881179109216 0.001002639764919877
acc1:0.9417853421326849 acc2:0.9418548106981591 acc:0.9417853421326849
0.0003151884884573519 0.001161040854640305 0.0012160636251792312
0.00015587428060825914 0.001243596081621945 0.0011806420516222715
0.0001807762309908867 0.0011252351105213165 0.001103297108784318
6.834394298493862e-05 0.0026808646507561207 0.00283384183421731
0.00017522629059385508 0.0010982104577124119 0.001115770312026143
acc1:0.9410906564779438 acc2:0.9408822507815213 acc:0.9408822507815213
8.407832501688972e-05 0.0012152103008702397 0.0012005610624328256
0.00020908912119921297 0.0012043912429362535 0.0012463182210922241
7.088663551257923e-05 0.0009302467806264758 0.0008560654823668301
0.0005417007487267256 0.0010298365959897637 0.001041852287016809
5.729274926125072e-05 0.0008358336635865271 0.0008185889455489814
acc1:0.9418548106981591 acc2:0.9419242792636332 acc:0.9419242792636332
0.000110130880784709 0.0007929406710900366 0.0007403617491945624
0.00011492346675368026 0.0007864143117330968 0.0007551942835561931
8.684249769430608e-05 0.0008271802798844874 0.0008433082257397473
0.0001276735565625131 0.002878714818507433 0.0030924947932362556
0.0001244105224031955 0.001578871044330299 0.0027463200967758894
acc1:0.9414379993053144 acc2:0.9412990621743661 acc:0.9414379993053144
