0.011313961818814278 2.9729843139648438 2.9319779872894287
0.0047844271175563335 1.9298344850540161 1.9115148782730103
0.004495465662330389 0.814919650554657 0.7861887216567993
0.004505589604377747 0.41241690516471863 0.4357556700706482
0.0043060374446213245 0.10693877190351486 0.10934248566627502
acc1:0.6238277179576242 acc2:0.629385203195554 acc:0.6272316776658562
0.0028786275070160627 0.0693548321723938 0.06350536644458771
0.0024674818851053715 0.20671796798706055 0.2105446755886078
0.002736108610406518 0.08670630306005478 0.08083602786064148
0.0020048334263265133 0.03013334609568119 0.033897899091243744
0.0016532295849174261 0.0632660761475563 0.066891610622406
acc1:0.8189649183744355 acc2:0.8170197985411601 acc:0.8188259812434874
0.003012122120708227 0.011325831525027752 0.01392417587339878
0.0019826339557766914 0.016497444361448288 0.016535386443138123
0.0014318383764475584 0.016589464619755745 0.01606876589357853
0.002465213416144252 0.015051907859742641 0.01625959202647209
0.0015148529782891273 0.009541209787130356 0.008624713867902756
acc1:0.8066689822855158 acc2:0.8139631816602987 acc:0.8105592219520666
0.0015600210754200816 0.019281229004263878 0.014744345098733902
0.0032709836959838867 0.13440753519535065 0.1350354701280594
0.002251869533210993 0.024492882192134857 0.02316981367766857
0.0022657657973468304 0.010577370412647724 0.01051874365657568
0.0010100664803758264 0.0056237573735415936 0.004903246182948351
acc1:0.6952414032650226 acc2:0.6981590830149358 acc:0.6983674887113581
0.002195139415562153 0.04160262271761894 0.04205935075879097
0.0009587841923348606 0.0042334673926234245 0.004808174446225166
0.0013027155073359609 0.005676683969795704 0.006198585033416748
0.0015814757207408547 0.004318469204008579 0.004226933233439922
0.0012896013213321567 0.005155391991138458 0.006372766103595495
acc1:0.8800277874261897 acc2:0.877387981938173 acc:0.8788468218131296
0.0014262396143749356 0.005070870276540518 0.004582508932799101
0.0008435879135504365 0.00505949929356575 0.006101028993725777
0.001363895833492279 0.0041258977726101875 0.004221057053655386
0.0010565510019659996 0.01579003408551216 0.015266953967511654
0.0021489032078534365 0.006135441362857819 0.006381422281265259
acc1:0.8721083709621397 acc2:0.8726641194859326 acc:0.8730114623133032
0.0008990890928544104 0.012993481941521168 0.013177494518458843
0.001550345798023045 0.005768050439655781 0.005203405860811472
0.0013089277781546116 0.00502367690205574 0.006159598473459482
0.0021009333431720734 0.008852610364556313 0.008880428038537502
0.0018318920629099011 0.004152982495725155 0.003998563624918461
acc1:0.7579715178881556 acc2:0.7746439736019451 acc:0.7669329628343174
0.002572283847257495 0.11706934124231339 0.11692777276039124
0.0018131278920918703 0.004232892766594887 0.004917822312563658
0.0006162829813547432 0.0027831096667796373 0.0030481512658298016
0.0018311823951080441 0.02435128204524517 0.02421421743929386
0.001916965120472014 0.0050331586971879005 0.004982875660061836
acc1:0.9019103855505384 acc2:0.9049670024313998 acc:0.9034386939909691
0.0012638866901397705 0.011962393298745155 0.016095897182822227
0.0011920958058908582 0.011733697727322578 0.012214940041303635
0.001567159895785153 0.0041696373373270035 0.0038858691696077585
0.000697776151355356 0.0015627798857167363 0.0014962591230869293
0.0027243231888860464 0.014409339055418968 0.011511508375406265
acc1:0.8805835359499826 acc2:0.8789857589440778 acc:0.8798193817297673
0.0012796289520338178 0.01754648983478546 0.0162578783929348
0.0010878797620534897 0.0029153688810765743 0.003066512057557702
0.0011171608930453658 0.0055933753028512 0.0051808287389576435
0.0009545204811729491 0.0017935553332790732 0.002385244006291032
0.0009464761824347079 0.0019119387725368142 0.0016493279254063964
acc1:0.9246266064605766 acc2:0.9246266064605766 acc:0.9247655435915249
0.0005734699661843479 0.0006715365452691913 0.0007394936983473599
0.0006869903299957514 0.0033137244172394276 0.0035433394368737936
0.00043988830293528736 0.0047548506408929825 0.00502885552123189
0.0008063034620136023 0.031988538801670074 0.02855697087943554
0.0015075209084898233 0.001636894652619958 0.0016503364313393831
acc1:0.9285863146926016 acc2:0.9296283431747134 acc:0.9295588746092394
0.001230053137987852 0.0009885079925879836 0.0011940995464101434
0.0025627310387790203 0.0021071098744869232 0.004742980469018221
0.0016426806105300784 0.0018097431166097522 0.0020201222505420446
0.0015739535447210073 0.0069280993193387985 0.007389367092400789
0.0011896106880158186 0.005243430379778147 0.0044111465103924274
acc1:0.9242097950677318 acc2:0.9199722125738103 acc:0.9226814866273011
0.001180364633910358 0.0043692318722605705 0.004029694013297558
0.0013151094317436218 0.0027880424167960882 0.0027492118533700705
0.0005699825705960393 0.0007393679697997868 0.0006922257598489523
0.0009572819108143449 0.001327367266640067 0.0011691051768139005
0.000525491836015135 0.0034644759725779295 0.002903227461501956
acc1:0.8814866273011462 acc2:0.8842653699201112 acc:0.8840569642236887
0.0016717046964913607 0.00842561386525631 0.005568352527916431
0.0005539871635846794 0.009834129363298416 0.01118468027561903
0.00348541303537786 0.005168866366147995 0.005541646853089333
0.0004473299195524305 0.003052493091672659 0.0021985736675560474
0.0004943504463881254 0.0015590384136885405 0.0016784396721050143
acc1:0.9149704758596735 acc2:0.9159430357763112 acc:0.9155262243834665
0.0024716465268284082 0.019362492486834526 0.020849892869591713
0.0009144640062004328 0.001494555501267314 0.0016217296943068504
0.0006549534155055881 0.002343751722946763 0.002590068383142352
0.0008954379591159523 0.0006614133599214256 0.0006423182785511017
0.0015766621800139546 0.001914224587380886 0.002112018410116434
acc1:0.9310177144841959 acc2:0.9313650573115665 acc:0.9312261201806182
0.0005487190210260451 0.0009455744875594974 0.0009105687495321035
0.0005759375053457916 0.0018322844989597797 0.0017230549128726125
0.0005413750186562538 0.0018395105144008994 0.0018183981301262975
0.00046473374823108315 0.0008564176387153566 0.0008842009701766074
0.0005958615220151842 0.0011255021672695875 0.00117298006080091
acc1:0.9267801319902744 acc2:0.925460229246266 acc:0.9267801319902744
0.0010836683213710785 0.004797859583050013 0.004101773723959923
0.0008205229532904923 0.0009635257301852107 0.0008435923373326659
0.0015833830693736672 0.001368929399177432 0.0012466709595173597
0.0004474965971894562 0.0012102911714464426 0.001353511936031282
0.000957826676312834 0.005497229751199484 0.00455052312463522
acc1:0.911288641889545 acc2:0.9126085446335533 acc:0.9119833275442862
0.0024124281480908394 0.004759917501360178 0.004582230467349291
0.0008077705861069262 0.0006779882241971791 0.000695672701112926
0.00021450094936881214 0.0012712872121483088 0.001308526610955596
0.0004359367594588548 0.0008662674226798117 0.0009473416139371693
0.000257014820817858 0.0016661438858136535 0.0015800921246409416
acc1:0.9348384855852727 acc2:0.9340743313650574 acc:0.934491142757902
0.0001018532202579081 0.0029672752134501934 0.0033677760511636734
0.0010676609817892313 0.0007188052986748517 0.0007084913086146116
0.0005057195667177439 0.0011115841334685683 0.0012835616944357753
0.0013794662663713098 0.00134015001822263 0.0015899144345894456
0.0003650201251730323 0.001220923732034862 0.0011019405210390687
acc1:0.9326154914901007 acc2:0.9318513372698853 acc:0.9326154914901007
0.0009031927911564708 0.0019300146959722042 0.0020386953838169575
0.0005795481847599149 0.0015010344795882702 0.0014448908623307943
0.00012755762145388871 0.007316453382372856 0.005929715000092983
0.0006522584590129554 0.0012265417026355863 0.0014908371958881617
0.0004182032134849578 0.0010570305166766047 0.0011154543608427048
acc1:0.9335185828412643 acc2:0.9330323028829455 acc:0.9330323028829455
0.00046091832336969674 0.003692297963425517 0.0036016565281897783
0.00023260874149855226 0.0011805350659415126 0.0012232923181727529
0.0003446445625741035 0.0007746394840069115 0.0008148794295266271
0.00044347421498969197 0.0020745580550283194 0.0019365502521395683
0.00033121256274171174 0.002177925780415535 0.0022121418733149767
acc1:0.9315734630079889 acc2:0.931642931573463 acc:0.931642931573463
0.00041433636215515435 0.0035790952388197184 0.00325094535946846
0.0002640474704094231 0.0021242271177470684 0.001545008854009211
0.0005555202369578183 0.0007538196514360607 0.0008061727858148515
0.0003014774702023715 0.0010597780346870422 0.0011080189142376184
0.0007504067034460604 0.0010183455888181925 0.0009809177136048675
acc1:0.93108718304967 acc2:0.9303924973949288 acc:0.9309482459187218
0.0003837977710645646 0.0007129538571462035 0.000771714432630688
0.00034720016992650926 0.0009859268320724368 0.0009882464073598385
0.0004949645372107625 0.0010293942177668214 0.0010229407344013453
0.0005169724463485181 0.002982014324516058 0.0031032513361424208
0.00025955220917239785 0.0009430412901565433 0.0011128098703920841
acc1:0.9341437999305314 acc2:0.9337964571031608 acc:0.9338659256686349
0.0005058489623479545 0.0017032863106578588 0.001564616453833878
0.0014784344239160419 0.001641025417484343 0.0017364189261570573
0.0001537697680760175 0.0026927986182272434 0.0027245597448199987
0.00030906478059478104 0.0009191618300974369 0.0009234045865014195
0.000186066041351296 0.0010219953255727887 0.0009619013871997595
acc1:0.9318513372698853 acc2:0.9315039944425147 acc:0.9317818687044113
0.00035167529131285846 0.0012154924916103482 0.001407540519721806
0.0007951419684104621 0.0011313629802316427 0.0010867962846532464
0.0002013693010667339 0.0013859807513654232 0.0013537182239815593
0.0005262199556455016 0.001401156885549426 0.0013503152877092361
0.00017133538494817913 0.0012568183010444045 0.0011694827117025852
acc1:0.9319208058353595 acc2:0.9317818687044113 acc:0.9319208058353595
0.00015631660062354058 0.0018723553512245417 0.0015071096131578088
0.0005037521477788687 0.0008660197490826249 0.0009566295193508267
0.00011266410001553595 0.00119025947060436 0.001238971366547048
0.0004669290501624346 0.0014386163093149662 0.0012668365379795432
0.0004440095799509436 0.0020863127429038286 0.0021099240984767675
acc1:0.9182354984369573 acc2:0.9178881556095867 acc:0.9181660298714831
0.0002822313690558076 0.0009096997091546655 0.0008444022387266159
0.0003617996408138424 0.0009717480861581862 0.0014177566627040505
0.00036726988037116826 0.0007827893714420497 0.000933382660150528
0.0003027383063454181 0.0022770764771848917 0.0014954376965761185
0.0006145464722067118 0.0007862864877097309 0.0007488889968954027
acc1:0.9317124001389371 acc2:0.931642931573463 acc:0.931642931573463
0.0002549663477111608 0.0014953690115362406 0.00159073353279382
0.0010183482663705945 0.0015583231579512358 0.0025629764422774315
0.0004912654985673726 0.0012844381853938103 0.0011219121515750885
0.0003523992490954697 0.001158428844064474 0.0013864716747775674
0.0015157341258600354 0.0009668897255323827 0.0009176513412967324
acc1:0.934491142757902 acc2:0.934491142757902 acc:0.934491142757902
0.0030969029758125544 0.0024574280250817537 0.0022351122461259365
0.0007988498546183109 0.0010061620268970728 0.0009890212677419186
0.00020003212557639927 0.0014358962653204799 0.001438791980035603
0.000162988668307662 0.002925084438174963 0.00521113770082593
0.0002851121826097369 0.0026918891817331314 0.002429807558655739
acc1:0.9308093087877736 acc2:0.9303230288294547 acc:0.9307398402222994
0.0003824202867690474 0.0010352360550314188 0.0010599790839478374
0.00030971321393735707 0.001011245185509324 0.0009480469743721187
0.0008850996382534504 0.001057394314557314 0.0009669703431427479
0.0002690064429771155 0.0012749480083584785 0.0015104874037206173
0.0005616053240373731 0.0009968563681468368 0.0009695655899122357
acc1:0.9317124001389371 acc2:0.9317124001389371 acc:0.9317818687044113
